# timestamp_s id x y z 
1646313526.6715739 -3.45665 6.33555 1.9089 0 0 0 1
1646313543.2649891 -12.55935 9.1834 1.9109 0 0 0 1
1646313559.7887888 -7.1632 -1.7668 1.8888 0 0 0 1
1646313577.3907156 -12.2634 -10.0199666666667 1.91803333333333 0 0 0 1
1646313598.915505 -4.06946666666667 -3.13533333333333 1.89836666666667 0 0 0 1
1646313634.4608347 3.26805 2.72635 2.03005 0 0 0 1
1646313653.3652434 0.669 8.44135 -1.0299 0 0 0 1
1646313670.5919194 3.0347 2.66105 -1.03235 0 0 0 1
1646313691.7887232 -1.92045 -1.1645 -1.034 0 0 0 1
1646313705.1880379 2.2203 -5.02596 -1.03056 0 0 0 1
1646313730.5127017 15.9543 -2.07168333333333 -1.01931666666667 0 0 0 1
1646313748.5589137 13.992 9.1858 -1.007 0 0 0 1
1646313769.7719545 22.91695 9.90595 -1.0077 0 0 0 1
1646313784.8625886 24.33645 1.99575 -1.00375 0 0 0 1
1646313800.3813312 29.32325 2.85845 -1.01215 0 0 0 1
1646313816.698062 37.8095 9.3772 -1.0196 0 0 0 1
1646313843.1614199 38.40165 -8.89685 -0.9974 0 0 0 1
1646313870.6298542 15.9543 -2.07168333333333 -1.01931666666667 0 0 0 1
1646313885.0981338 2.2203 -5.02596 -1.03056 0 0 0 1
1646313902.0475743 -6.047 -1.9946 -1.0508 0 0 0 1
1646313920.8262103 -1.92045 -1.1645 -1.034 0 0 0 1
1646313953.2313516 -3.45665 6.33555 1.9089 0 0 0 1