# timestamp_s id x y z 
1646320761.7393398 3.26805 2.72635 2.03005 0 0 0 1
1646320782.671501 0.669 8.44135 -1.0299 0 0 0 1
1646320794.5053122 3.0347 2.66105 -1.03235 0 0 0 1
1646320812.1233506 2.7279 9.3586 -4.074425 0 0 0 1
1646320822.8595862 -1.6789 8.37456666666667 -4.07953333333333 0 0 0 1
1646320841.2097433 2.6145 2.753 -4.0787 0 0 0 1
1646320856.5866165 1.31373333333333 2.62766666666667 -4.0755 0 0 0 1
1646320874.825916 -9.00825 11.0326 -4.25385 0 0 0 1
1646320904.0152216 -31.0972 -9.5736 -4.3427 0 0 0 1
1646320931.6021543 -10.2351 -5.2373 -4.1695 0 0 0 1
1646320958.8879247 15.42455 -6.452 -4.18995 0 0 0 1
1646320974.8421073 24.7705 0.6572 -4.0754 0 0 0 1
1646321006.1095252 1.31373333333333 2.62766666666667 -4.0755 0 0 0 1
1646321017.8253758 2.7279 9.3586 -4.074425 0 0 0 1
1646321038.5822625 3.0347 2.66105 -1.03235 0 0 0 1
1646321049.8531396 0.669 8.44135 -1.0299 0 0 0 1
1646321067.2276843 3.26805 2.72635 2.03005 0 0 0 1
