# timestamp_s id x y z 
1646313114.0755 -1.92045 -1.1645 -1.034 0 0 0 1
1646313127.8304558 2.2203 -5.02596 -1.03056 0 0 0 1
1646313142.1268344 8.042 -9.70016666666667 -1.0273 0 0 0 1
1646313157.8635993 15.9543 -2.07168333333333 -1.01931666666667 0 0 0 1
1646313173.7614174 13.992 9.1858 -1.007 0 0 0 1
1646313189.848691 22.91695 9.90595 -1.0077 0 0 0 1
1646313207.221624 24.33645 1.99575 -1.00375 0 0 0 1
1646313220.5706255 29.32325 2.85845 -1.01215 0 0 0 1
1646313238.0349503 37.8095 9.3772 -1.0196 0 0 0 1
1646313261.405827 38.40165 -8.89685 -0.9974 0 0 0 1
1646313304.6698635 15.9543 -2.07168333333333 -1.01931666666667 0 0 0 1
1646313323.57541 2.2203 -5.02596 -1.03056 0 0 0 1
1646313336.9354677 -1.92045 -1.1645 -1.034 0 0 0 1