# timestamp_s id x y z 
1649855087.2908516 107.2953 17.7312 13.27455 0 0 0 1
1649855117.9301605 103.38955 15.57775 10.2835 0 0 0 1
1649855144.4694502 101.14485 15.11035 7.34535 0 0 0 1
1649855172.8576906 102.62 16.5324 6.40175 0 0 0 1
1649855198.8251562 104.3676 30.3678 5.88566666666667 0 0 0 1
1649855225.417821 119.233566666667 31.2808 5.89703333333333 0 0 0 1
1649855254.5323386 122.08925 14.5205 4.86255 0 0 0 1
1649855284.6113663 121.075 12.2974 9.426 0 0 0 1
1649855343.3226392 118.2526 18.4564666666667 13.2507666666667 0 0 0 1
